{
 "cells": [
  {
   "cell_type": "markdown",
   "metadata": {},
   "source": [
    "CHALLENGE: Working with the King County House Sales dataset, build a multivariate linear regression model to predict the sale price of houses as accurately as possible.\n",
    "\n",
    "RESULT: Produced an multivariate OLS model with consistent 87% predictive accuracy (Adjusted R-squared of 0.87). "
   ]
  },
  {
   "cell_type": "code",
   "execution_count": 68,
   "metadata": {},
   "outputs": [
    {
     "data": {
      "text/html": [
       "<div>\n",
       "<style scoped>\n",
       "    .dataframe tbody tr th:only-of-type {\n",
       "        vertical-align: middle;\n",
       "    }\n",
       "\n",
       "    .dataframe tbody tr th {\n",
       "        vertical-align: top;\n",
       "    }\n",
       "\n",
       "    .dataframe thead th {\n",
       "        text-align: right;\n",
       "    }\n",
       "</style>\n",
       "<table border=\"1\" class=\"dataframe\">\n",
       "  <thead>\n",
       "    <tr style=\"text-align: right;\">\n",
       "      <th></th>\n",
       "      <th>id</th>\n",
       "      <th>date</th>\n",
       "      <th>price</th>\n",
       "      <th>bedrooms</th>\n",
       "      <th>bathrooms</th>\n",
       "      <th>sqft_living</th>\n",
       "      <th>sqft_lot</th>\n",
       "      <th>floors</th>\n",
       "      <th>waterfront</th>\n",
       "      <th>view</th>\n",
       "      <th>...</th>\n",
       "      <th>grade</th>\n",
       "      <th>sqft_above</th>\n",
       "      <th>sqft_basement</th>\n",
       "      <th>yr_built</th>\n",
       "      <th>yr_renovated</th>\n",
       "      <th>zipcode</th>\n",
       "      <th>lat</th>\n",
       "      <th>long</th>\n",
       "      <th>sqft_living15</th>\n",
       "      <th>sqft_lot15</th>\n",
       "    </tr>\n",
       "  </thead>\n",
       "  <tbody>\n",
       "    <tr>\n",
       "      <th>0</th>\n",
       "      <td>7129300520</td>\n",
       "      <td>10/13/2014</td>\n",
       "      <td>221900.0</td>\n",
       "      <td>3</td>\n",
       "      <td>1.00</td>\n",
       "      <td>1180</td>\n",
       "      <td>5650</td>\n",
       "      <td>1.0</td>\n",
       "      <td>NaN</td>\n",
       "      <td>0.0</td>\n",
       "      <td>...</td>\n",
       "      <td>7</td>\n",
       "      <td>1180</td>\n",
       "      <td>0.0</td>\n",
       "      <td>1955</td>\n",
       "      <td>0.0</td>\n",
       "      <td>98178</td>\n",
       "      <td>47.5112</td>\n",
       "      <td>-122.257</td>\n",
       "      <td>1340</td>\n",
       "      <td>5650</td>\n",
       "    </tr>\n",
       "    <tr>\n",
       "      <th>1</th>\n",
       "      <td>6414100192</td>\n",
       "      <td>12/9/2014</td>\n",
       "      <td>538000.0</td>\n",
       "      <td>3</td>\n",
       "      <td>2.25</td>\n",
       "      <td>2570</td>\n",
       "      <td>7242</td>\n",
       "      <td>2.0</td>\n",
       "      <td>0.0</td>\n",
       "      <td>0.0</td>\n",
       "      <td>...</td>\n",
       "      <td>7</td>\n",
       "      <td>2170</td>\n",
       "      <td>400.0</td>\n",
       "      <td>1951</td>\n",
       "      <td>1991.0</td>\n",
       "      <td>98125</td>\n",
       "      <td>47.7210</td>\n",
       "      <td>-122.319</td>\n",
       "      <td>1690</td>\n",
       "      <td>7639</td>\n",
       "    </tr>\n",
       "    <tr>\n",
       "      <th>2</th>\n",
       "      <td>5631500400</td>\n",
       "      <td>2/25/2015</td>\n",
       "      <td>180000.0</td>\n",
       "      <td>2</td>\n",
       "      <td>1.00</td>\n",
       "      <td>770</td>\n",
       "      <td>10000</td>\n",
       "      <td>1.0</td>\n",
       "      <td>0.0</td>\n",
       "      <td>0.0</td>\n",
       "      <td>...</td>\n",
       "      <td>6</td>\n",
       "      <td>770</td>\n",
       "      <td>0.0</td>\n",
       "      <td>1933</td>\n",
       "      <td>NaN</td>\n",
       "      <td>98028</td>\n",
       "      <td>47.7379</td>\n",
       "      <td>-122.233</td>\n",
       "      <td>2720</td>\n",
       "      <td>8062</td>\n",
       "    </tr>\n",
       "    <tr>\n",
       "      <th>3</th>\n",
       "      <td>2487200875</td>\n",
       "      <td>12/9/2014</td>\n",
       "      <td>604000.0</td>\n",
       "      <td>4</td>\n",
       "      <td>3.00</td>\n",
       "      <td>1960</td>\n",
       "      <td>5000</td>\n",
       "      <td>1.0</td>\n",
       "      <td>0.0</td>\n",
       "      <td>0.0</td>\n",
       "      <td>...</td>\n",
       "      <td>7</td>\n",
       "      <td>1050</td>\n",
       "      <td>910.0</td>\n",
       "      <td>1965</td>\n",
       "      <td>0.0</td>\n",
       "      <td>98136</td>\n",
       "      <td>47.5208</td>\n",
       "      <td>-122.393</td>\n",
       "      <td>1360</td>\n",
       "      <td>5000</td>\n",
       "    </tr>\n",
       "    <tr>\n",
       "      <th>4</th>\n",
       "      <td>1954400510</td>\n",
       "      <td>2/18/2015</td>\n",
       "      <td>510000.0</td>\n",
       "      <td>3</td>\n",
       "      <td>2.00</td>\n",
       "      <td>1680</td>\n",
       "      <td>8080</td>\n",
       "      <td>1.0</td>\n",
       "      <td>0.0</td>\n",
       "      <td>0.0</td>\n",
       "      <td>...</td>\n",
       "      <td>8</td>\n",
       "      <td>1680</td>\n",
       "      <td>0.0</td>\n",
       "      <td>1987</td>\n",
       "      <td>0.0</td>\n",
       "      <td>98074</td>\n",
       "      <td>47.6168</td>\n",
       "      <td>-122.045</td>\n",
       "      <td>1800</td>\n",
       "      <td>7503</td>\n",
       "    </tr>\n",
       "  </tbody>\n",
       "</table>\n",
       "<p>5 rows × 21 columns</p>\n",
       "</div>"
      ],
      "text/plain": [
       "           id        date     price  bedrooms  bathrooms  sqft_living  \\\n",
       "0  7129300520  10/13/2014  221900.0         3       1.00         1180   \n",
       "1  6414100192   12/9/2014  538000.0         3       2.25         2570   \n",
       "2  5631500400   2/25/2015  180000.0         2       1.00          770   \n",
       "3  2487200875   12/9/2014  604000.0         4       3.00         1960   \n",
       "4  1954400510   2/18/2015  510000.0         3       2.00         1680   \n",
       "\n",
       "   sqft_lot  floors  waterfront  view     ...      grade  sqft_above  \\\n",
       "0      5650     1.0         NaN   0.0     ...          7        1180   \n",
       "1      7242     2.0         0.0   0.0     ...          7        2170   \n",
       "2     10000     1.0         0.0   0.0     ...          6         770   \n",
       "3      5000     1.0         0.0   0.0     ...          7        1050   \n",
       "4      8080     1.0         0.0   0.0     ...          8        1680   \n",
       "\n",
       "   sqft_basement yr_built  yr_renovated  zipcode      lat     long  \\\n",
       "0            0.0     1955           0.0    98178  47.5112 -122.257   \n",
       "1          400.0     1951        1991.0    98125  47.7210 -122.319   \n",
       "2            0.0     1933           NaN    98028  47.7379 -122.233   \n",
       "3          910.0     1965           0.0    98136  47.5208 -122.393   \n",
       "4            0.0     1987           0.0    98074  47.6168 -122.045   \n",
       "\n",
       "   sqft_living15  sqft_lot15  \n",
       "0           1340        5650  \n",
       "1           1690        7639  \n",
       "2           2720        8062  \n",
       "3           1360        5000  \n",
       "4           1800        7503  \n",
       "\n",
       "[5 rows x 21 columns]"
      ]
     },
     "execution_count": 68,
     "metadata": {},
     "output_type": "execute_result"
    }
   ],
   "source": [
    "import pandas as pd\n",
    "import numpy as np\n",
    "import matplotlib.pyplot as plt\n",
    "\n",
    "df = pd.read_csv('kc_house_data.csv')\n",
    "df.head()"
   ]
  },
  {
   "cell_type": "markdown",
   "metadata": {},
   "source": [
    "In an earlier model I dropped 'waterfront', 'yr_renovated', and 'view'; partly to deal with the zero-heavy data and partly to handle the missing values. For this model, I decided to keep the variables, change the NaNs to zeros and to change 'yr_renovated' to a simple one-zero binary variable, which basically captures whether a house has ever been renovated or not."
   ]
  },
  {
   "cell_type": "code",
   "execution_count": 69,
   "metadata": {},
   "outputs": [],
   "source": [
    "df['waterfront'] = df['waterfront'].fillna(0)\n",
    "df['waterfront'].isna().sum()\n",
    "\n",
    "df['yr_renovated'] = df['yr_renovated'].fillna(0)\n",
    "df.loc[df['yr_renovated'] != 0, 'yr_renovated'] = 1\n",
    "\n",
    "df['view'] = df['view'].fillna(0)"
   ]
  },
  {
   "cell_type": "code",
   "execution_count": 26,
   "metadata": {},
   "outputs": [
    {
     "data": {
      "text/plain": [
       "0.0    21451\n",
       "1.0      146\n",
       "Name: waterfront, dtype: int64"
      ]
     },
     "execution_count": 26,
     "metadata": {},
     "output_type": "execute_result"
    }
   ],
   "source": [
    "df['waterfront'].value_counts()"
   ]
  },
  {
   "cell_type": "code",
   "execution_count": 27,
   "metadata": {},
   "outputs": [
    {
     "data": {
      "text/plain": [
       "0.0    20853\n",
       "1.0      744\n",
       "Name: yr_renovated, dtype: int64"
      ]
     },
     "execution_count": 27,
     "metadata": {},
     "output_type": "execute_result"
    }
   ],
   "source": [
    "df['yr_renovated'].value_counts()"
   ]
  },
  {
   "cell_type": "code",
   "execution_count": 28,
   "metadata": {},
   "outputs": [
    {
     "data": {
      "text/plain": [
       "0.0    19485\n",
       "2.0      957\n",
       "3.0      508\n",
       "1.0      330\n",
       "4.0      317\n",
       "Name: view, dtype: int64"
      ]
     },
     "execution_count": 28,
     "metadata": {},
     "output_type": "execute_result"
    }
   ],
   "source": [
    "df['view'].value_counts()"
   ]
  },
  {
   "cell_type": "markdown",
   "metadata": {},
   "source": [
    "I decided to leverage 'zipcode' for location purposes; and hence, dropped 'lat' and 'long'.\n",
    "\n",
    "I dropped 'id' because it wasn't meaningful for this purposes.\n",
    "\n",
    "I dropped 'date' because I didn't think it entailed enough variety (all dates fell between 2014 & 2015). Said another way, to my mind, it didn't contribute enough meaningfully diverse values to the model."
   ]
  },
  {
   "cell_type": "code",
   "execution_count": 70,
   "metadata": {},
   "outputs": [],
   "source": [
    "df = df.drop(columns=['lat', 'long', 'id', 'date'], axis=1)"
   ]
  },
  {
   "cell_type": "markdown",
   "metadata": {},
   "source": [
    "Addressed presence of '?' in 'sqft_basement'; changed the datatype."
   ]
  },
  {
   "cell_type": "code",
   "execution_count": 71,
   "metadata": {},
   "outputs": [],
   "source": [
    "df['sqft_basement'] = df['sqft_basement'].replace(to_replace='?', value='0').astype(str).astype(float).astype(int)"
   ]
  },
  {
   "cell_type": "markdown",
   "metadata": {},
   "source": [
    "In 'Final Version' model dropped 'sqft_basement' because it was a zero-inflated variable, which would be challenging to work with for very little reward. Here, I decided to turn it into a dummy variable."
   ]
  },
  {
   "cell_type": "code",
   "execution_count": 72,
   "metadata": {},
   "outputs": [
    {
     "data": {
      "text/plain": [
       "0    13280\n",
       "1     8317\n",
       "Name: sqft_basement, dtype: int64"
      ]
     },
     "execution_count": 72,
     "metadata": {},
     "output_type": "execute_result"
    }
   ],
   "source": [
    "#df = df.drop(columns=['sqft_basement'], axis=1)\n",
    "df.loc[df['sqft_basement'] != 0, 'sqft_basement'] = 1\n",
    "df['sqft_basement'].value_counts()"
   ]
  },
  {
   "cell_type": "markdown",
   "metadata": {},
   "source": [
    "Dropped 1.3% of data (284 observations out of 21,597). A number of a outliers and top-end influencers that were impacting different independent variables."
   ]
  },
  {
   "cell_type": "code",
   "execution_count": 73,
   "metadata": {},
   "outputs": [
    {
     "data": {
      "text/plain": [
       "(21313, 17)"
      ]
     },
     "execution_count": 73,
     "metadata": {},
     "output_type": "execute_result"
    }
   ],
   "source": [
    "indexNames = df[df['sqft_living'] >= 5000].index\n",
    "df.drop(indexNames, inplace=True)\n",
    "\n",
    "indexNames2 = df[df['bedrooms'] >= 8].index\n",
    "df.drop(indexNames2, inplace=True)\n",
    "\n",
    "indexNames3 = df[df['sqft_lot'] > 400000].index\n",
    "df.drop(indexNames3, inplace=True)\n",
    "\n",
    "indexNames4 = df[df['floors'] > 3.0].index\n",
    "df.drop(indexNames4, inplace=True)\n",
    "\n",
    "df.shape"
   ]
  },
  {
   "cell_type": "code",
   "execution_count": 11,
   "metadata": {},
   "outputs": [
    {
     "data": {
      "text/html": [
       "<div>\n",
       "<style scoped>\n",
       "    .dataframe tbody tr th:only-of-type {\n",
       "        vertical-align: middle;\n",
       "    }\n",
       "\n",
       "    .dataframe tbody tr th {\n",
       "        vertical-align: top;\n",
       "    }\n",
       "\n",
       "    .dataframe thead th {\n",
       "        text-align: right;\n",
       "    }\n",
       "</style>\n",
       "<table border=\"1\" class=\"dataframe\">\n",
       "  <thead>\n",
       "    <tr style=\"text-align: right;\">\n",
       "      <th></th>\n",
       "      <th>price</th>\n",
       "      <th>bedrooms</th>\n",
       "      <th>bathrooms</th>\n",
       "      <th>sqft_living</th>\n",
       "      <th>sqft_lot</th>\n",
       "      <th>floors</th>\n",
       "      <th>waterfront</th>\n",
       "      <th>view</th>\n",
       "      <th>condition</th>\n",
       "      <th>grade</th>\n",
       "      <th>sqft_above</th>\n",
       "      <th>sqft_basement</th>\n",
       "      <th>yr_built</th>\n",
       "      <th>yr_renovated</th>\n",
       "      <th>zipcode</th>\n",
       "      <th>sqft_living15</th>\n",
       "      <th>sqft_lot15</th>\n",
       "    </tr>\n",
       "  </thead>\n",
       "  <tbody>\n",
       "    <tr>\n",
       "      <th>price</th>\n",
       "      <td>1.000000</td>\n",
       "      <td>0.301720</td>\n",
       "      <td>0.487058</td>\n",
       "      <td>0.658674</td>\n",
       "      <td>0.076871</td>\n",
       "      <td>0.258218</td>\n",
       "      <td>0.228351</td>\n",
       "      <td>0.381349</td>\n",
       "      <td>0.050724</td>\n",
       "      <td>0.659101</td>\n",
       "      <td>0.558058</td>\n",
       "      <td>0.171019</td>\n",
       "      <td>0.040137</td>\n",
       "      <td>0.123276</td>\n",
       "      <td>-0.039223</td>\n",
       "      <td>0.584406</td>\n",
       "      <td>0.060409</td>\n",
       "    </tr>\n",
       "    <tr>\n",
       "      <th>bedrooms</th>\n",
       "      <td>0.301720</td>\n",
       "      <td>1.000000</td>\n",
       "      <td>0.514510</td>\n",
       "      <td>0.601117</td>\n",
       "      <td>0.041104</td>\n",
       "      <td>0.174992</td>\n",
       "      <td>-0.012270</td>\n",
       "      <td>0.063998</td>\n",
       "      <td>0.027958</td>\n",
       "      <td>0.353452</td>\n",
       "      <td>0.488243</td>\n",
       "      <td>0.148300</td>\n",
       "      <td>0.165418</td>\n",
       "      <td>0.015052</td>\n",
       "      <td>-0.158621</td>\n",
       "      <td>0.397135</td>\n",
       "      <td>0.028090</td>\n",
       "    </tr>\n",
       "    <tr>\n",
       "      <th>bathrooms</th>\n",
       "      <td>0.487058</td>\n",
       "      <td>0.514510</td>\n",
       "      <td>1.000000</td>\n",
       "      <td>0.736515</td>\n",
       "      <td>0.071604</td>\n",
       "      <td>0.506416</td>\n",
       "      <td>0.042462</td>\n",
       "      <td>0.155886</td>\n",
       "      <td>-0.124833</td>\n",
       "      <td>0.643659</td>\n",
       "      <td>0.659386</td>\n",
       "      <td>0.148325</td>\n",
       "      <td>0.519344</td>\n",
       "      <td>0.045565</td>\n",
       "      <td>-0.202622</td>\n",
       "      <td>0.551037</td>\n",
       "      <td>0.060859</td>\n",
       "    </tr>\n",
       "    <tr>\n",
       "      <th>sqft_living</th>\n",
       "      <td>0.658674</td>\n",
       "      <td>0.601117</td>\n",
       "      <td>0.736515</td>\n",
       "      <td>1.000000</td>\n",
       "      <td>0.180898</td>\n",
       "      <td>0.355343</td>\n",
       "      <td>0.068717</td>\n",
       "      <td>0.243786</td>\n",
       "      <td>-0.055257</td>\n",
       "      <td>0.745780</td>\n",
       "      <td>0.860724</td>\n",
       "      <td>0.190491</td>\n",
       "      <td>0.329830</td>\n",
       "      <td>0.050592</td>\n",
       "      <td>-0.200616</td>\n",
       "      <td>0.756137</td>\n",
       "      <td>0.161346</td>\n",
       "    </tr>\n",
       "    <tr>\n",
       "      <th>sqft_lot</th>\n",
       "      <td>0.076871</td>\n",
       "      <td>0.041104</td>\n",
       "      <td>0.071604</td>\n",
       "      <td>0.180898</td>\n",
       "      <td>1.000000</td>\n",
       "      <td>-0.027852</td>\n",
       "      <td>0.024228</td>\n",
       "      <td>0.055470</td>\n",
       "      <td>-0.013527</td>\n",
       "      <td>0.115013</td>\n",
       "      <td>0.189498</td>\n",
       "      <td>-0.041103</td>\n",
       "      <td>0.061600</td>\n",
       "      <td>0.009105</td>\n",
       "      <td>-0.151817</td>\n",
       "      <td>0.182307</td>\n",
       "      <td>0.788186</td>\n",
       "    </tr>\n",
       "    <tr>\n",
       "      <th>floors</th>\n",
       "      <td>0.258218</td>\n",
       "      <td>0.174992</td>\n",
       "      <td>0.506416</td>\n",
       "      <td>0.355343</td>\n",
       "      <td>-0.027852</td>\n",
       "      <td>1.000000</td>\n",
       "      <td>0.014193</td>\n",
       "      <td>0.015799</td>\n",
       "      <td>-0.264831</td>\n",
       "      <td>0.457006</td>\n",
       "      <td>0.534995</td>\n",
       "      <td>-0.262095</td>\n",
       "      <td>0.491718</td>\n",
       "      <td>0.003607</td>\n",
       "      <td>-0.058485</td>\n",
       "      <td>0.272903</td>\n",
       "      <td>-0.027392</td>\n",
       "    </tr>\n",
       "    <tr>\n",
       "      <th>waterfront</th>\n",
       "      <td>0.228351</td>\n",
       "      <td>-0.012270</td>\n",
       "      <td>0.042462</td>\n",
       "      <td>0.068717</td>\n",
       "      <td>0.024228</td>\n",
       "      <td>0.014193</td>\n",
       "      <td>1.000000</td>\n",
       "      <td>0.372157</td>\n",
       "      <td>0.018975</td>\n",
       "      <td>0.059467</td>\n",
       "      <td>0.043140</td>\n",
       "      <td>0.031387</td>\n",
       "      <td>-0.029486</td>\n",
       "      <td>0.072904</td>\n",
       "      <td>0.031220</td>\n",
       "      <td>0.067880</td>\n",
       "      <td>0.035129</td>\n",
       "    </tr>\n",
       "    <tr>\n",
       "      <th>view</th>\n",
       "      <td>0.381349</td>\n",
       "      <td>0.063998</td>\n",
       "      <td>0.155886</td>\n",
       "      <td>0.243786</td>\n",
       "      <td>0.055470</td>\n",
       "      <td>0.015799</td>\n",
       "      <td>0.372157</td>\n",
       "      <td>1.000000</td>\n",
       "      <td>0.048905</td>\n",
       "      <td>0.219858</td>\n",
       "      <td>0.124872</td>\n",
       "      <td>0.169298</td>\n",
       "      <td>-0.066477</td>\n",
       "      <td>0.092743</td>\n",
       "      <td>0.095444</td>\n",
       "      <td>0.257105</td>\n",
       "      <td>0.052479</td>\n",
       "    </tr>\n",
       "    <tr>\n",
       "      <th>condition</th>\n",
       "      <td>0.050724</td>\n",
       "      <td>0.027958</td>\n",
       "      <td>-0.124833</td>\n",
       "      <td>-0.055257</td>\n",
       "      <td>-0.013527</td>\n",
       "      <td>-0.264831</td>\n",
       "      <td>0.018975</td>\n",
       "      <td>0.048905</td>\n",
       "      <td>1.000000</td>\n",
       "      <td>-0.146036</td>\n",
       "      <td>-0.162403</td>\n",
       "      <td>0.132471</td>\n",
       "      <td>-0.360061</td>\n",
       "      <td>-0.055690</td>\n",
       "      <td>0.000384</td>\n",
       "      <td>-0.091536</td>\n",
       "      <td>-0.000425</td>\n",
       "    </tr>\n",
       "    <tr>\n",
       "      <th>grade</th>\n",
       "      <td>0.659101</td>\n",
       "      <td>0.353452</td>\n",
       "      <td>0.643659</td>\n",
       "      <td>0.745780</td>\n",
       "      <td>0.115013</td>\n",
       "      <td>0.457006</td>\n",
       "      <td>0.059467</td>\n",
       "      <td>0.219858</td>\n",
       "      <td>-0.146036</td>\n",
       "      <td>1.000000</td>\n",
       "      <td>0.736899</td>\n",
       "      <td>0.033751</td>\n",
       "      <td>0.452003</td>\n",
       "      <td>0.014454</td>\n",
       "      <td>-0.180836</td>\n",
       "      <td>0.699930</td>\n",
       "      <td>0.098835</td>\n",
       "    </tr>\n",
       "    <tr>\n",
       "      <th>sqft_above</th>\n",
       "      <td>0.558058</td>\n",
       "      <td>0.488243</td>\n",
       "      <td>0.659386</td>\n",
       "      <td>0.860724</td>\n",
       "      <td>0.189498</td>\n",
       "      <td>0.534995</td>\n",
       "      <td>0.043140</td>\n",
       "      <td>0.124872</td>\n",
       "      <td>-0.162403</td>\n",
       "      <td>0.736899</td>\n",
       "      <td>1.000000</td>\n",
       "      <td>-0.247689</td>\n",
       "      <td>0.438477</td>\n",
       "      <td>0.019676</td>\n",
       "      <td>-0.266670</td>\n",
       "      <td>0.725091</td>\n",
       "      <td>0.173135</td>\n",
       "    </tr>\n",
       "    <tr>\n",
       "      <th>sqft_basement</th>\n",
       "      <td>0.171019</td>\n",
       "      <td>0.148300</td>\n",
       "      <td>0.148325</td>\n",
       "      <td>0.190491</td>\n",
       "      <td>-0.041103</td>\n",
       "      <td>-0.262095</td>\n",
       "      <td>0.031387</td>\n",
       "      <td>0.169298</td>\n",
       "      <td>0.132471</td>\n",
       "      <td>0.033751</td>\n",
       "      <td>-0.247689</td>\n",
       "      <td>1.000000</td>\n",
       "      <td>-0.168162</td>\n",
       "      <td>0.043527</td>\n",
       "      <td>0.165246</td>\n",
       "      <td>0.029695</td>\n",
       "      <td>-0.046250</td>\n",
       "    </tr>\n",
       "    <tr>\n",
       "      <th>yr_built</th>\n",
       "      <td>0.040137</td>\n",
       "      <td>0.165418</td>\n",
       "      <td>0.519344</td>\n",
       "      <td>0.329830</td>\n",
       "      <td>0.061600</td>\n",
       "      <td>0.491718</td>\n",
       "      <td>-0.029486</td>\n",
       "      <td>-0.066477</td>\n",
       "      <td>-0.360061</td>\n",
       "      <td>0.452003</td>\n",
       "      <td>0.438477</td>\n",
       "      <td>-0.168162</td>\n",
       "      <td>1.000000</td>\n",
       "      <td>-0.201839</td>\n",
       "      <td>-0.345161</td>\n",
       "      <td>0.325545</td>\n",
       "      <td>0.066029</td>\n",
       "    </tr>\n",
       "    <tr>\n",
       "      <th>yr_renovated</th>\n",
       "      <td>0.123276</td>\n",
       "      <td>0.015052</td>\n",
       "      <td>0.045565</td>\n",
       "      <td>0.050592</td>\n",
       "      <td>0.009105</td>\n",
       "      <td>0.003607</td>\n",
       "      <td>0.072904</td>\n",
       "      <td>0.092743</td>\n",
       "      <td>-0.055690</td>\n",
       "      <td>0.014454</td>\n",
       "      <td>0.019676</td>\n",
       "      <td>0.043527</td>\n",
       "      <td>-0.201839</td>\n",
       "      <td>1.000000</td>\n",
       "      <td>0.062929</td>\n",
       "      <td>-0.000330</td>\n",
       "      <td>0.004381</td>\n",
       "    </tr>\n",
       "    <tr>\n",
       "      <th>zipcode</th>\n",
       "      <td>-0.039223</td>\n",
       "      <td>-0.158621</td>\n",
       "      <td>-0.202622</td>\n",
       "      <td>-0.200616</td>\n",
       "      <td>-0.151817</td>\n",
       "      <td>-0.058485</td>\n",
       "      <td>0.031220</td>\n",
       "      <td>0.095444</td>\n",
       "      <td>0.000384</td>\n",
       "      <td>-0.180836</td>\n",
       "      <td>-0.266670</td>\n",
       "      <td>0.165246</td>\n",
       "      <td>-0.345161</td>\n",
       "      <td>0.062929</td>\n",
       "      <td>1.000000</td>\n",
       "      <td>-0.277486</td>\n",
       "      <td>-0.151781</td>\n",
       "    </tr>\n",
       "    <tr>\n",
       "      <th>sqft_living15</th>\n",
       "      <td>0.584406</td>\n",
       "      <td>0.397135</td>\n",
       "      <td>0.551037</td>\n",
       "      <td>0.756137</td>\n",
       "      <td>0.182307</td>\n",
       "      <td>0.272903</td>\n",
       "      <td>0.067880</td>\n",
       "      <td>0.257105</td>\n",
       "      <td>-0.091536</td>\n",
       "      <td>0.699930</td>\n",
       "      <td>0.725091</td>\n",
       "      <td>0.029695</td>\n",
       "      <td>0.325545</td>\n",
       "      <td>-0.000330</td>\n",
       "      <td>-0.277486</td>\n",
       "      <td>1.000000</td>\n",
       "      <td>0.184466</td>\n",
       "    </tr>\n",
       "    <tr>\n",
       "      <th>sqft_lot15</th>\n",
       "      <td>0.060409</td>\n",
       "      <td>0.028090</td>\n",
       "      <td>0.060859</td>\n",
       "      <td>0.161346</td>\n",
       "      <td>0.788186</td>\n",
       "      <td>-0.027392</td>\n",
       "      <td>0.035129</td>\n",
       "      <td>0.052479</td>\n",
       "      <td>-0.000425</td>\n",
       "      <td>0.098835</td>\n",
       "      <td>0.173135</td>\n",
       "      <td>-0.046250</td>\n",
       "      <td>0.066029</td>\n",
       "      <td>0.004381</td>\n",
       "      <td>-0.151781</td>\n",
       "      <td>0.184466</td>\n",
       "      <td>1.000000</td>\n",
       "    </tr>\n",
       "  </tbody>\n",
       "</table>\n",
       "</div>"
      ],
      "text/plain": [
       "                  price  bedrooms  bathrooms  sqft_living  sqft_lot    floors  \\\n",
       "price          1.000000  0.301720   0.487058     0.658674  0.076871  0.258218   \n",
       "bedrooms       0.301720  1.000000   0.514510     0.601117  0.041104  0.174992   \n",
       "bathrooms      0.487058  0.514510   1.000000     0.736515  0.071604  0.506416   \n",
       "sqft_living    0.658674  0.601117   0.736515     1.000000  0.180898  0.355343   \n",
       "sqft_lot       0.076871  0.041104   0.071604     0.180898  1.000000 -0.027852   \n",
       "floors         0.258218  0.174992   0.506416     0.355343 -0.027852  1.000000   \n",
       "waterfront     0.228351 -0.012270   0.042462     0.068717  0.024228  0.014193   \n",
       "view           0.381349  0.063998   0.155886     0.243786  0.055470  0.015799   \n",
       "condition      0.050724  0.027958  -0.124833    -0.055257 -0.013527 -0.264831   \n",
       "grade          0.659101  0.353452   0.643659     0.745780  0.115013  0.457006   \n",
       "sqft_above     0.558058  0.488243   0.659386     0.860724  0.189498  0.534995   \n",
       "sqft_basement  0.171019  0.148300   0.148325     0.190491 -0.041103 -0.262095   \n",
       "yr_built       0.040137  0.165418   0.519344     0.329830  0.061600  0.491718   \n",
       "yr_renovated   0.123276  0.015052   0.045565     0.050592  0.009105  0.003607   \n",
       "zipcode       -0.039223 -0.158621  -0.202622    -0.200616 -0.151817 -0.058485   \n",
       "sqft_living15  0.584406  0.397135   0.551037     0.756137  0.182307  0.272903   \n",
       "sqft_lot15     0.060409  0.028090   0.060859     0.161346  0.788186 -0.027392   \n",
       "\n",
       "               waterfront      view  condition     grade  sqft_above  \\\n",
       "price            0.228351  0.381349   0.050724  0.659101    0.558058   \n",
       "bedrooms        -0.012270  0.063998   0.027958  0.353452    0.488243   \n",
       "bathrooms        0.042462  0.155886  -0.124833  0.643659    0.659386   \n",
       "sqft_living      0.068717  0.243786  -0.055257  0.745780    0.860724   \n",
       "sqft_lot         0.024228  0.055470  -0.013527  0.115013    0.189498   \n",
       "floors           0.014193  0.015799  -0.264831  0.457006    0.534995   \n",
       "waterfront       1.000000  0.372157   0.018975  0.059467    0.043140   \n",
       "view             0.372157  1.000000   0.048905  0.219858    0.124872   \n",
       "condition        0.018975  0.048905   1.000000 -0.146036   -0.162403   \n",
       "grade            0.059467  0.219858  -0.146036  1.000000    0.736899   \n",
       "sqft_above       0.043140  0.124872  -0.162403  0.736899    1.000000   \n",
       "sqft_basement    0.031387  0.169298   0.132471  0.033751   -0.247689   \n",
       "yr_built        -0.029486 -0.066477  -0.360061  0.452003    0.438477   \n",
       "yr_renovated     0.072904  0.092743  -0.055690  0.014454    0.019676   \n",
       "zipcode          0.031220  0.095444   0.000384 -0.180836   -0.266670   \n",
       "sqft_living15    0.067880  0.257105  -0.091536  0.699930    0.725091   \n",
       "sqft_lot15       0.035129  0.052479  -0.000425  0.098835    0.173135   \n",
       "\n",
       "               sqft_basement  yr_built  yr_renovated   zipcode  sqft_living15  \\\n",
       "price               0.171019  0.040137      0.123276 -0.039223       0.584406   \n",
       "bedrooms            0.148300  0.165418      0.015052 -0.158621       0.397135   \n",
       "bathrooms           0.148325  0.519344      0.045565 -0.202622       0.551037   \n",
       "sqft_living         0.190491  0.329830      0.050592 -0.200616       0.756137   \n",
       "sqft_lot           -0.041103  0.061600      0.009105 -0.151817       0.182307   \n",
       "floors             -0.262095  0.491718      0.003607 -0.058485       0.272903   \n",
       "waterfront          0.031387 -0.029486      0.072904  0.031220       0.067880   \n",
       "view                0.169298 -0.066477      0.092743  0.095444       0.257105   \n",
       "condition           0.132471 -0.360061     -0.055690  0.000384      -0.091536   \n",
       "grade               0.033751  0.452003      0.014454 -0.180836       0.699930   \n",
       "sqft_above         -0.247689  0.438477      0.019676 -0.266670       0.725091   \n",
       "sqft_basement       1.000000 -0.168162      0.043527  0.165246       0.029695   \n",
       "yr_built           -0.168162  1.000000     -0.201839 -0.345161       0.325545   \n",
       "yr_renovated        0.043527 -0.201839      1.000000  0.062929      -0.000330   \n",
       "zipcode             0.165246 -0.345161      0.062929  1.000000      -0.277486   \n",
       "sqft_living15       0.029695  0.325545     -0.000330 -0.277486       1.000000   \n",
       "sqft_lot15         -0.046250  0.066029      0.004381 -0.151781       0.184466   \n",
       "\n",
       "               sqft_lot15  \n",
       "price            0.060409  \n",
       "bedrooms         0.028090  \n",
       "bathrooms        0.060859  \n",
       "sqft_living      0.161346  \n",
       "sqft_lot         0.788186  \n",
       "floors          -0.027392  \n",
       "waterfront       0.035129  \n",
       "view             0.052479  \n",
       "condition       -0.000425  \n",
       "grade            0.098835  \n",
       "sqft_above       0.173135  \n",
       "sqft_basement   -0.046250  \n",
       "yr_built         0.066029  \n",
       "yr_renovated     0.004381  \n",
       "zipcode         -0.151781  \n",
       "sqft_living15    0.184466  \n",
       "sqft_lot15       1.000000  "
      ]
     },
     "execution_count": 11,
     "metadata": {},
     "output_type": "execute_result"
    }
   ],
   "source": [
    "df.corr()"
   ]
  },
  {
   "cell_type": "markdown",
   "metadata": {},
   "source": [
    "Dropped 'sqft_above' and 'sqft_living15' for colinearity with 'sqft_living' [used a .75 threshhold]."
   ]
  },
  {
   "cell_type": "code",
   "execution_count": 74,
   "metadata": {},
   "outputs": [],
   "source": [
    "df_dropped = df.drop(columns=['sqft_above', 'sqft_living15'], axis=1)"
   ]
  },
  {
   "cell_type": "code",
   "execution_count": 13,
   "metadata": {},
   "outputs": [
    {
     "data": {
      "text/html": [
       "<div>\n",
       "<style scoped>\n",
       "    .dataframe tbody tr th:only-of-type {\n",
       "        vertical-align: middle;\n",
       "    }\n",
       "\n",
       "    .dataframe tbody tr th {\n",
       "        vertical-align: top;\n",
       "    }\n",
       "\n",
       "    .dataframe thead th {\n",
       "        text-align: right;\n",
       "    }\n",
       "</style>\n",
       "<table border=\"1\" class=\"dataframe\">\n",
       "  <thead>\n",
       "    <tr style=\"text-align: right;\">\n",
       "      <th></th>\n",
       "      <th>price</th>\n",
       "      <th>bedrooms</th>\n",
       "      <th>bathrooms</th>\n",
       "      <th>sqft_living</th>\n",
       "      <th>sqft_lot</th>\n",
       "      <th>floors</th>\n",
       "      <th>waterfront</th>\n",
       "      <th>view</th>\n",
       "      <th>condition</th>\n",
       "      <th>grade</th>\n",
       "      <th>sqft_basement</th>\n",
       "      <th>yr_built</th>\n",
       "      <th>yr_renovated</th>\n",
       "      <th>zipcode</th>\n",
       "      <th>sqft_lot15</th>\n",
       "    </tr>\n",
       "  </thead>\n",
       "  <tbody>\n",
       "    <tr>\n",
       "      <th>price</th>\n",
       "      <td>1.000000</td>\n",
       "      <td>0.301720</td>\n",
       "      <td>0.487058</td>\n",
       "      <td>0.658674</td>\n",
       "      <td>0.076871</td>\n",
       "      <td>0.258218</td>\n",
       "      <td>0.228351</td>\n",
       "      <td>0.381349</td>\n",
       "      <td>0.050724</td>\n",
       "      <td>0.659101</td>\n",
       "      <td>0.171019</td>\n",
       "      <td>0.040137</td>\n",
       "      <td>0.123276</td>\n",
       "      <td>-0.039223</td>\n",
       "      <td>0.060409</td>\n",
       "    </tr>\n",
       "    <tr>\n",
       "      <th>bedrooms</th>\n",
       "      <td>0.301720</td>\n",
       "      <td>1.000000</td>\n",
       "      <td>0.514510</td>\n",
       "      <td>0.601117</td>\n",
       "      <td>0.041104</td>\n",
       "      <td>0.174992</td>\n",
       "      <td>-0.012270</td>\n",
       "      <td>0.063998</td>\n",
       "      <td>0.027958</td>\n",
       "      <td>0.353452</td>\n",
       "      <td>0.148300</td>\n",
       "      <td>0.165418</td>\n",
       "      <td>0.015052</td>\n",
       "      <td>-0.158621</td>\n",
       "      <td>0.028090</td>\n",
       "    </tr>\n",
       "    <tr>\n",
       "      <th>bathrooms</th>\n",
       "      <td>0.487058</td>\n",
       "      <td>0.514510</td>\n",
       "      <td>1.000000</td>\n",
       "      <td>0.736515</td>\n",
       "      <td>0.071604</td>\n",
       "      <td>0.506416</td>\n",
       "      <td>0.042462</td>\n",
       "      <td>0.155886</td>\n",
       "      <td>-0.124833</td>\n",
       "      <td>0.643659</td>\n",
       "      <td>0.148325</td>\n",
       "      <td>0.519344</td>\n",
       "      <td>0.045565</td>\n",
       "      <td>-0.202622</td>\n",
       "      <td>0.060859</td>\n",
       "    </tr>\n",
       "    <tr>\n",
       "      <th>sqft_living</th>\n",
       "      <td>0.658674</td>\n",
       "      <td>0.601117</td>\n",
       "      <td>0.736515</td>\n",
       "      <td>1.000000</td>\n",
       "      <td>0.180898</td>\n",
       "      <td>0.355343</td>\n",
       "      <td>0.068717</td>\n",
       "      <td>0.243786</td>\n",
       "      <td>-0.055257</td>\n",
       "      <td>0.745780</td>\n",
       "      <td>0.190491</td>\n",
       "      <td>0.329830</td>\n",
       "      <td>0.050592</td>\n",
       "      <td>-0.200616</td>\n",
       "      <td>0.161346</td>\n",
       "    </tr>\n",
       "    <tr>\n",
       "      <th>sqft_lot</th>\n",
       "      <td>0.076871</td>\n",
       "      <td>0.041104</td>\n",
       "      <td>0.071604</td>\n",
       "      <td>0.180898</td>\n",
       "      <td>1.000000</td>\n",
       "      <td>-0.027852</td>\n",
       "      <td>0.024228</td>\n",
       "      <td>0.055470</td>\n",
       "      <td>-0.013527</td>\n",
       "      <td>0.115013</td>\n",
       "      <td>-0.041103</td>\n",
       "      <td>0.061600</td>\n",
       "      <td>0.009105</td>\n",
       "      <td>-0.151817</td>\n",
       "      <td>0.788186</td>\n",
       "    </tr>\n",
       "    <tr>\n",
       "      <th>floors</th>\n",
       "      <td>0.258218</td>\n",
       "      <td>0.174992</td>\n",
       "      <td>0.506416</td>\n",
       "      <td>0.355343</td>\n",
       "      <td>-0.027852</td>\n",
       "      <td>1.000000</td>\n",
       "      <td>0.014193</td>\n",
       "      <td>0.015799</td>\n",
       "      <td>-0.264831</td>\n",
       "      <td>0.457006</td>\n",
       "      <td>-0.262095</td>\n",
       "      <td>0.491718</td>\n",
       "      <td>0.003607</td>\n",
       "      <td>-0.058485</td>\n",
       "      <td>-0.027392</td>\n",
       "    </tr>\n",
       "    <tr>\n",
       "      <th>waterfront</th>\n",
       "      <td>0.228351</td>\n",
       "      <td>-0.012270</td>\n",
       "      <td>0.042462</td>\n",
       "      <td>0.068717</td>\n",
       "      <td>0.024228</td>\n",
       "      <td>0.014193</td>\n",
       "      <td>1.000000</td>\n",
       "      <td>0.372157</td>\n",
       "      <td>0.018975</td>\n",
       "      <td>0.059467</td>\n",
       "      <td>0.031387</td>\n",
       "      <td>-0.029486</td>\n",
       "      <td>0.072904</td>\n",
       "      <td>0.031220</td>\n",
       "      <td>0.035129</td>\n",
       "    </tr>\n",
       "    <tr>\n",
       "      <th>view</th>\n",
       "      <td>0.381349</td>\n",
       "      <td>0.063998</td>\n",
       "      <td>0.155886</td>\n",
       "      <td>0.243786</td>\n",
       "      <td>0.055470</td>\n",
       "      <td>0.015799</td>\n",
       "      <td>0.372157</td>\n",
       "      <td>1.000000</td>\n",
       "      <td>0.048905</td>\n",
       "      <td>0.219858</td>\n",
       "      <td>0.169298</td>\n",
       "      <td>-0.066477</td>\n",
       "      <td>0.092743</td>\n",
       "      <td>0.095444</td>\n",
       "      <td>0.052479</td>\n",
       "    </tr>\n",
       "    <tr>\n",
       "      <th>condition</th>\n",
       "      <td>0.050724</td>\n",
       "      <td>0.027958</td>\n",
       "      <td>-0.124833</td>\n",
       "      <td>-0.055257</td>\n",
       "      <td>-0.013527</td>\n",
       "      <td>-0.264831</td>\n",
       "      <td>0.018975</td>\n",
       "      <td>0.048905</td>\n",
       "      <td>1.000000</td>\n",
       "      <td>-0.146036</td>\n",
       "      <td>0.132471</td>\n",
       "      <td>-0.360061</td>\n",
       "      <td>-0.055690</td>\n",
       "      <td>0.000384</td>\n",
       "      <td>-0.000425</td>\n",
       "    </tr>\n",
       "    <tr>\n",
       "      <th>grade</th>\n",
       "      <td>0.659101</td>\n",
       "      <td>0.353452</td>\n",
       "      <td>0.643659</td>\n",
       "      <td>0.745780</td>\n",
       "      <td>0.115013</td>\n",
       "      <td>0.457006</td>\n",
       "      <td>0.059467</td>\n",
       "      <td>0.219858</td>\n",
       "      <td>-0.146036</td>\n",
       "      <td>1.000000</td>\n",
       "      <td>0.033751</td>\n",
       "      <td>0.452003</td>\n",
       "      <td>0.014454</td>\n",
       "      <td>-0.180836</td>\n",
       "      <td>0.098835</td>\n",
       "    </tr>\n",
       "    <tr>\n",
       "      <th>sqft_basement</th>\n",
       "      <td>0.171019</td>\n",
       "      <td>0.148300</td>\n",
