{
 "cells": [
  {
   "cell_type": "code",
   "execution_count": 110,
   "metadata": {
    "scrolled": false
   },
   "outputs": [
    {
     "data": {
      "text/html": [
       "<div>\n",
       "<style scoped>\n",
       "    .dataframe tbody tr th:only-of-type {\n",
       "        vertical-align: middle;\n",
       "    }\n",
       "\n",
       "    .dataframe tbody tr th {\n",
       "        vertical-align: top;\n",
       "    }\n",
       "\n",
       "    .dataframe thead th {\n",
       "        text-align: right;\n",
       "    }\n",
       "</style>\n",
       "<table border=\"1\" class=\"dataframe\">\n",
       "  <thead>\n",
       "    <tr style=\"text-align: right;\">\n",
       "      <th></th>\n",
       "      <th>id</th>\n",
       "      <th>date</th>\n",
       "      <th>price</th>\n",
       "      <th>bedrooms</th>\n",
       "      <th>bathrooms</th>\n",
       "      <th>sqft_living</th>\n",
       "      <th>sqft_lot</th>\n",
       "      <th>floors</th>\n",
       "      <th>waterfront</th>\n",
       "      <th>view</th>\n",
       "      <th>...</th>\n",
       "      <th>grade</th>\n",
       "      <th>sqft_above</th>\n",
       "      <th>sqft_basement</th>\n",
       "      <th>yr_built</th>\n",
       "      <th>yr_renovated</th>\n",
       "      <th>zipcode</th>\n",
       "      <th>lat</th>\n",
       "      <th>long</th>\n",
       "      <th>sqft_living15</th>\n",
       "      <th>sqft_lot15</th>\n",
       "    </tr>\n",
       "  </thead>\n",
       "  <tbody>\n",
       "    <tr>\n",
       "      <th>0</th>\n",
       "      <td>7129300520</td>\n",
       "      <td>10/13/2014</td>\n",
       "      <td>221900.0</td>\n",
       "      <td>3</td>\n",
       "      <td>1.00</td>\n",
       "      <td>1180</td>\n",
       "      <td>5650</td>\n",
       "      <td>1.0</td>\n",
       "      <td>NaN</td>\n",
       "      <td>0.0</td>\n",
       "      <td>...</td>\n",
       "      <td>7</td>\n",
       "      <td>1180</td>\n",
       "      <td>0.0</td>\n",
       "      <td>1955</td>\n",
       "      <td>0.0</td>\n",
       "      <td>98178</td>\n",
       "      <td>47.5112</td>\n",
       "      <td>-122.257</td>\n",
       "      <td>1340</td>\n",
       "      <td>5650</td>\n",
       "    </tr>\n",
       "    <tr>\n",
       "      <th>1</th>\n",
       "      <td>6414100192</td>\n",
       "      <td>12/9/2014</td>\n",
       "      <td>538000.0</td>\n",
       "      <td>3</td>\n",
       "      <td>2.25</td>\n",
       "      <td>2570</td>\n",
       "      <td>7242</td>\n",
       "      <td>2.0</td>\n",
       "      <td>0.0</td>\n",
       "      <td>0.0</td>\n",
       "      <td>...</td>\n",
       "      <td>7</td>\n",
       "      <td>2170</td>\n",
       "      <td>400.0</td>\n",
       "      <td>1951</td>\n",
       "      <td>1991.0</td>\n",
       "      <td>98125</td>\n",
       "      <td>47.7210</td>\n",
       "      <td>-122.319</td>\n",
       "      <td>1690</td>\n",
       "      <td>7639</td>\n",
       "    </tr>\n",
       "    <tr>\n",
       "      <th>2</th>\n",
       "      <td>5631500400</td>\n",
       "      <td>2/25/2015</td>\n",
       "      <td>180000.0</td>\n",
       "      <td>2</td>\n",
       "      <td>1.00</td>\n",
       "      <td>770</td>\n",
       "      <td>10000</td>\n",
       "      <td>1.0</td>\n",
       "      <td>0.0</td>\n",
       "      <td>0.0</td>\n",
       "      <td>...</td>\n",
       "      <td>6</td>\n",
       "      <td>770</td>\n",
       "      <td>0.0</td>\n",
       "      <td>1933</td>\n",
       "      <td>NaN</td>\n",
       "      <td>98028</td>\n",
       "      <td>47.7379</td>\n",
       "      <td>-122.233</td>\n",
       "      <td>2720</td>\n",
       "      <td>8062</td>\n",
       "    </tr>\n",
       "    <tr>\n",
       "      <th>3</th>\n",
       "      <td>2487200875</td>\n",
       "      <td>12/9/2014</td>\n",
       "      <td>604000.0</td>\n",
       "      <td>4</td>\n",
       "      <td>3.00</td>\n",
       "      <td>1960</td>\n",
       "      <td>5000</td>\n",
       "      <td>1.0</td>\n",
       "      <td>0.0</td>\n",
       "      <td>0.0</td>\n",
       "      <td>...</td>\n",
       "      <td>7</td>\n",
       "      <td>1050</td>\n",
       "      <td>910.0</td>\n",
       "      <td>1965</td>\n",
       "      <td>0.0</td>\n",
       "      <td>98136</td>\n",
       "      <td>47.5208</td>\n",
       "      <td>-122.393</td>\n",
       "      <td>1360</td>\n",
       "      <td>5000</td>\n",
       "    </tr>\n",
       "    <tr>\n",
       "      <th>4</th>\n",
       "      <td>1954400510</td>\n",
       "      <td>2/18/2015</td>\n",
       "      <td>510000.0</td>\n",
       "      <td>3</td>\n",
       "      <td>2.00</td>\n",
       "      <td>1680</td>\n",
       "      <td>8080</td>\n",
       "      <td>1.0</td>\n",
       "      <td>0.0</td>\n",
       "      <td>0.0</td>\n",
       "      <td>...</td>\n",
       "      <td>8</td>\n",
       "      <td>1680</td>\n",
       "      <td>0.0</td>\n",
       "      <td>1987</td>\n",
       "      <td>0.0</td>\n",
       "      <td>98074</td>\n",
       "      <td>47.6168</td>\n",
       "      <td>-122.045</td>\n",
       "      <td>1800</td>\n",
       "      <td>7503</td>\n",
       "    </tr>\n",
       "    <tr>\n",
       "      <th>5</th>\n",
       "      <td>7237550310</td>\n",
       "      <td>5/12/2014</td>\n",
       "      <td>1230000.0</td>\n",
       "      <td>4</td>\n",
       "      <td>4.50</td>\n",
       "      <td>5420</td>\n",
       "      <td>101930</td>\n",
       "      <td>1.0</td>\n",
       "      <td>0.0</td>\n",
       "      <td>0.0</td>\n",
       "      <td>...</td>\n",
       "      <td>11</td>\n",
       "      <td>3890</td>\n",
       "      <td>1530.0</td>\n",
       "      <td>2001</td>\n",
       "      <td>0.0</td>\n",
       "      <td>98053</td>\n",
       "      <td>47.6561</td>\n",
       "      <td>-122.005</td>\n",
       "      <td>4760</td>\n",
       "      <td>101930</td>\n",
       "    </tr>\n",
       "    <tr>\n",
       "      <th>6</th>\n",
       "      <td>1321400060</td>\n",
       "      <td>6/27/2014</td>\n",
       "      <td>257500.0</td>\n",
       "      <td>3</td>\n",
       "      <td>2.25</td>\n",
       "      <td>1715</td>\n",
       "      <td>6819</td>\n",
       "      <td>2.0</td>\n",
       "      <td>0.0</td>\n",
       "      <td>0.0</td>\n",
       "      <td>...</td>\n",
       "      <td>7</td>\n",
       "      <td>1715</td>\n",
       "      <td>?</td>\n",
       "      <td>1995</td>\n",
       "      <td>0.0</td>\n",
       "      <td>98003</td>\n",
       "      <td>47.3097</td>\n",
       "      <td>-122.327</td>\n",
       "      <td>2238</td>\n",
       "      <td>6819</td>\n",
       "    </tr>\n",
       "  </tbody>\n",
       "</table>\n",
       "<p>7 rows × 21 columns</p>\n",
       "</div>"
      ],
      "text/plain": [
       "           id        date      price  bedrooms  bathrooms  sqft_living  \\\n",
       "0  7129300520  10/13/2014   221900.0         3       1.00         1180   \n",
       "1  6414100192   12/9/2014   538000.0         3       2.25         2570   \n",
       "2  5631500400   2/25/2015   180000.0         2       1.00          770   \n",
       "3  2487200875   12/9/2014   604000.0         4       3.00         1960   \n",
       "4  1954400510   2/18/2015   510000.0         3       2.00         1680   \n",
       "5  7237550310   5/12/2014  1230000.0         4       4.50         5420   \n",
       "6  1321400060   6/27/2014   257500.0         3       2.25         1715   \n",
       "\n",
       "   sqft_lot  floors  waterfront  view     ...      grade  sqft_above  \\\n",
       "0      5650     1.0         NaN   0.0     ...          7        1180   \n",
       "1      7242     2.0         0.0   0.0     ...          7        2170   \n",
       "2     10000     1.0         0.0   0.0     ...          6         770   \n",
       "3      5000     1.0         0.0   0.0     ...          7        1050   \n",
       "4      8080     1.0         0.0   0.0     ...          8        1680   \n",
       "5    101930     1.0         0.0   0.0     ...         11        3890   \n",
       "6      6819     2.0         0.0   0.0     ...          7        1715   \n",
       "\n",
       "   sqft_basement yr_built  yr_renovated  zipcode      lat     long  \\\n",
       "0            0.0     1955           0.0    98178  47.5112 -122.257   \n",
       "1          400.0     1951        1991.0    98125  47.7210 -122.319   \n",
       "2            0.0     1933           NaN    98028  47.7379 -122.233   \n",
       "3          910.0     1965           0.0    98136  47.5208 -122.393   \n",
       "4            0.0     1987           0.0    98074  47.6168 -122.045   \n",
       "5         1530.0     2001           0.0    98053  47.6561 -122.005   \n",
       "6              ?     1995           0.0    98003  47.3097 -122.327   \n",
       "\n",
       "   sqft_living15  sqft_lot15  \n",
       "0           1340        5650  \n",
       "1           1690        7639  \n",
       "2           2720        8062  \n",
       "3           1360        5000  \n",
       "4           1800        7503  \n",
       "5           4760      101930  \n",
       "6           2238        6819  \n",
       "\n",
       "[7 rows x 21 columns]"
      ]
     },
     "execution_count": 110,
     "metadata": {},
     "output_type": "execute_result"
    }
   ],
   "source": [
    "import pandas as pd\n",
    "import numpy as np\n",
    "import matplotlib.pyplot as plt\n",
    "\n",
    "df = pd.read_csv('kc_house_data.csv')\n",
    "df.head(7)"
   ]
  },
  {
   "cell_type": "markdown",
   "metadata": {},
   "source": [
    "In dealing with Missing Values (NaNs), we decided to drop all three columnns with nans: 'waterfront', 'view', 'yr_renovated'. 'Waterfront': 88% (19,075) of observations were zeros & 11% (2,376) were NaNs; 'Yr_renovated': 79% (17,011) were zeros & 18% (3,842) were NaNs; finally, 'View': 90% (19,422) of observations were zeros; only 63 values missing, but we didn't think feature was varied enough to inform model in an meaningful way.  "
   ]
  },
  {
   "cell_type": "markdown",
   "metadata": {},
   "source": [
    "Decided to leverage 'zipcode'; hence, dropped 'lat' and 'long'.\n",
    "\n",
    "Dropped 'id' because it wasn't meaningful for our purposes.\n",
    "\n",
    "Dropped 'date' because it was not meaningfully varied (all dates between 2014 & 2015)."
   ]
  },
  {
   "cell_type": "code",
   "execution_count": 111,
   "metadata": {},
   "outputs": [],
   "source": [
    "df = df.drop(columns=['waterfront','view', 'yr_renovated', 'lat', 'long', 'id', 'date'], axis=1)"
   ]
  },
  {
   "cell_type": "markdown",
   "metadata": {},
   "source": [
    "Addressed presence of '?' in 'sqft_basement'; changed the datatype."
   ]
  },
  {
   "cell_type": "code",
   "execution_count": 38,
   "metadata": {},
   "outputs": [],
   "source": [
    "#df['sqft_basement'] = df['sqft_basement'].replace(to_replace='?', value='0').astype(str).astype(float).astype(int)"
   ]
  },
  {
   "cell_type": "code",
   "execution_count": 40,
   "metadata": {},
   "outputs": [
    {
     "data": {
      "text/plain": [
       "count    21597.000000\n",
       "mean       285.716581\n",
       "std        439.819830\n",
       "min          0.000000\n",
       "25%          0.000000\n",
       "50%          0.000000\n",
       "75%        550.000000\n",
       "max       4820.000000\n",
       "Name: sqft_basement, dtype: float64"
      ]
     },
     "execution_count": 40,
     "metadata": {},
     "output_type": "execute_result"
    }
   ],
   "source": [
    "df['sqft_basement'].describe()"
   ]
  },
  {
   "cell_type": "markdown",
   "metadata": {},
   "source": [
    "Dropped 'sqft_basement' because it was a zero-inflated variable, which would be challenging to work with for very little reward."
   ]
  },
  {
   "cell_type": "code",
   "execution_count": 112,
   "metadata": {},
   "outputs": [],
   "source": [
    "df = df.drop(columns=['sqft_basement'], axis=1)"
   ]
  },
  {
   "cell_type": "code",
   "execution_count": 49,
   "metadata": {},
   "outputs": [
    {
     "data": {
      "text/html": [
       "<div>\n",
       "<style scoped>\n",
       "    .dataframe tbody tr th:only-of-type {\n",
       "        vertical-align: middle;\n",
       "    }\n",
       "\n",
       "    .dataframe tbody tr th {\n",
       "        vertical-align: top;\n",
       "    }\n",
       "\n",
       "    .dataframe thead th {\n",
       "        text-align: right;\n",
       "    }\n",
       "</style>\n",
       "<table border=\"1\" class=\"dataframe\">\n",
       "  <thead>\n",
       "    <tr style=\"text-align: right;\">\n",
       "      <th></th>\n",
       "      <th>price</th>\n",
       "      <th>bedrooms</th>\n",
       "      <th>bathrooms</th>\n",
       "      <th>sqft_living</th>\n",
       "      <th>sqft_lot</th>\n",
       "      <th>floors</th>\n",
       "      <th>condition</th>\n",
       "      <th>grade</th>\n",
       "      <th>sqft_above</th>\n",
       "      <th>yr_built</th>\n",
       "      <th>zipcode</th>\n",
       "      <th>sqft_living15</th>\n",
       "      <th>sqft_lot15</th>\n",
       "    </tr>\n",
       "  </thead>\n",
       "  <tbody>\n",
       "    <tr>\n",
       "      <th>price</th>\n",
       "      <td>1.000000</td>\n",
       "      <td>0.308787</td>\n",
       "      <td>0.525906</td>\n",
       "      <td>0.701917</td>\n",
       "      <td>0.089876</td>\n",
       "      <td>0.256804</td>\n",
       "      <td>0.036056</td>\n",
       "      <td>0.667951</td>\n",
       "      <td>0.605368</td>\n",
       "      <td>0.053953</td>\n",
       "      <td>-0.053402</td>\n",
       "      <td>0.585241</td>\n",
       "      <td>0.082845</td>\n",
       "    </tr>\n",
       "    <tr>\n",
       "      <th>bedrooms</th>\n",
       "      <td>0.308787</td>\n",
       "      <td>1.000000</td>\n",
       "      <td>0.514508</td>\n",
       "      <td>0.578212</td>\n",
       "      <td>0.032471</td>\n",
       "      <td>0.177944</td>\n",
       "      <td>0.026496</td>\n",
       "      <td>0.356563</td>\n",
       "      <td>0.479386</td>\n",
       "      <td>0.155670</td>\n",
       "      <td>-0.154092</td>\n",
       "      <td>0.393406</td>\n",
       "      <td>0.030690</td>\n",
       "    </tr>\n",
       "    <tr>\n",
       "      <th>bathrooms</th>\n",
       "      <td>0.525906</td>\n",
       "      <td>0.514508</td>\n",
       "      <td>1.000000</td>\n",
       "      <td>0.755758</td>\n",
       "      <td>0.088373</td>\n",
       "      <td>0.502582</td>\n",
       "      <td>-0.126479</td>\n",
       "      <td>0.665838</td>\n",
       "      <td>0.686668</td>\n",
       "      <td>0.507173</td>\n",
       "      <td>-0.204786</td>\n",
       "      <td>0.569884</td>\n",
       "      <td>0.088303</td>\n",
       "    </tr>\n",
       "    <tr>\n",
       "      <th>sqft_living</th>\n",
       "      <td>0.701917</td>\n",
       "      <td>0.578212</td>\n",
       "      <td>0.755758</td>\n",
       "      <td>1.000000</td>\n",
       "      <td>0.173453</td>\n",
       "      <td>0.353953</td>\n",
       "      <td>-0.059445</td>\n",
       "      <td>0.762779</td>\n",
       "      <td>0.876448</td>\n",
       "      <td>0.318152</td>\n",
       "      <td>-0.199802</td>\n",
       "      <td>0.756402</td>\n",
       "      <td>0.184342</td>\n",
       "    </tr>\n",
       "    <tr>\n",
       "      <th>sqft_lot</th>\n",
       "      <td>0.089876</td>\n",
       "      <td>0.032471</td>\n",
       "      <td>0.088373</td>\n",
       "      <td>0.173453</td>\n",
       "      <td>1.000000</td>\n",
       "      <td>-0.004814</td>\n",
       "      <td>-0.008830</td>\n",
       "      <td>0.114731</td>\n",
       "      <td>0.184139</td>\n",
       "      <td>0.052946</td>\n",
       "      <td>-0.129586</td>\n",
       "      <td>0.144763</td>\n",
       "      <td>0.718204</td>\n",
       "    </tr>\n",
       "    <tr>\n",
       "      <th>floors</th>\n",
       "      <td>0.256804</td>\n",
       "      <td>0.177944</td>\n",
       "      <td>0.502582</td>\n",
       "      <td>0.353953</td>\n",
       "      <td>-0.004814</td>\n",
       "      <td>1.000000</td>\n",
       "      <td>-0.264075</td>\n",
       "      <td>0.458794</td>\n",
       "      <td>0.523989</td>\n",
       "      <td>0.489193</td>\n",
       "      <td>-0.059541</td>\n",
       "      <td>0.280102</td>\n",
       "      <td>-0.010722</td>\n",
       "    </tr>\n",
       "    <tr>\n",
       "      <th>condition</th>\n",
       "      <td>0.036056</td>\n",
       "      <td>0.026496</td>\n",
       "      <td>-0.126479</td>\n",
       "      <td>-0.059445</td>\n",
       "      <td>-0.008830</td>\n",
       "      <td>-0.264075</td>\n",
       "      <td>1.000000</td>\n",
       "      <td>-0.146896</td>\n",
       "      <td>-0.158904</td>\n",
       "      <td>-0.361592</td>\n",
       "      <td>0.002888</td>\n",
       "      <td>-0.093072</td>\n",
       "      <td>-0.003126</td>\n",
       "    </tr>\n",
       "    <tr>\n",
       "      <th>grade</th>\n",
       "      <td>0.667951</td>\n",
       "      <td>0.356563</td>\n",
       "      <td>0.665838</td>\n",
       "      <td>0.762779</td>\n",
       "      <td>0.114731</td>\n",
       "      <td>0.458794</td>\n",
       "      <td>-0.146896</td>\n",
       "      <td>1.000000</td>\n",
       "      <td>0.756073</td>\n",
       "      <td>0.447865</td>\n",
       "      <td>-0.185771</td>\n",
       "      <td>0.713867</td>\n",
       "      <td>0.120981</td>\n",
       "    </tr>\n",
       "    <tr>\n",
       "      <th>sqft_above</th>\n",
       "      <td>0.605368</td>\n",
       "      <td>0.479386</td>\n",
       "      <td>0.686668</td>\n",
       "      <td>0.876448</td>\n",
       "      <td>0.184139</td>\n",
       "      <td>0.523989</td>\n",
       "      <td>-0.158904</td>\n",
       "      <td>0.756073</td>\n",
       "      <td>1.000000</td>\n",
       "      <td>0.424037</td>\n",
       "      <td>-0.261570</td>\n",
       "      <td>0.731767</td>\n",
       "      <td>0.195077</td>\n",
       "    </tr>\n",
       "    <tr>\n",
       "      <th>yr_built</th>\n",
       "      <td>0.053953</td>\n",
       "      <td>0.155670</td>\n",
       "      <td>0.507173</td>\n",
       "      <td>0.318152</td>\n",
       "      <td>0.052946</td>\n",
       "      <td>0.489193</td>\n",
       "      <td>-0.361592</td>\n",
       "      <td>0.447865</td>\n",
       "      <td>0.424037</td>\n",
       "      <td>1.000000</td>\n",
       "      <td>-0.347210</td>\n",
       "      <td>0.326377</td>\n",
       "      <td>0.070777</td>\n",
       "    </tr>\n",
       "    <tr>\n",
       "      <th>zipcode</th>\n",
       "      <td>-0.053402</td>\n",
       "      <td>-0.154092</td>\n",
       "      <td>-0.204786</td>\n",
       "      <td>-0.199802</td>\n",
       "      <td>-0.129586</td>\n",
       "      <td>-0.059541</td>\n",
       "      <td>0.002888</td>\n",
       "      <td>-0.185771</td>\n",
       "      <td>-0.261570</td>\n",
       "      <td>-0.347210</td>\n",
       "      <td>1.000000</td>\n",
       "      <td>-0.279299</td>\n",
       "      <td>-0.147294</td>\n",
       "    </tr>\n",
       "    <tr>\n",
       "      <th>sqft_living15</th>\n",
       "      <td>0.585241</td>\n",
       "      <td>0.393406</td>\n",
       "      <td>0.569884</td>\n",
       "      <td>0.756402</td>\n",
       "      <td>0.144763</td>\n",
       "      <td>0.280102</td>\n",
       "      <td>-0.093072</td>\n",
       "      <td>0.713867</td>\n",
       "      <td>0.731767</td>\n",
       "      <td>0.326377</td>\n",
       "      <td>-0.279299</td>\n",
       "      <td>1.000000</td>\n",
       "      <td>0.183515</td>\n",
       "    </tr>\n",
       "    <tr>\n",
       "      <th>sqft_lot15</th>\n",
       "      <td>0.082845</td>\n",
       "      <td>0.030690</td>\n",
       "      <td>0.088303</td>\n",
       "      <td>0.184342</td>\n",
       "      <td>0.718204</td>\n",
       "      <td>-0.010722</td>\n",
       "      <td>-0.003126</td>\n",
       "      <td>0.120981</td>\n",
       "      <td>0.195077</td>\n",
       "      <td>0.070777</td>\n",
       "      <td>-0.147294</td>\n",
       "      <td>0.183515</td>\n",
       "      <td>1.000000</td>\n",
       "    </tr>\n",
       "  </tbody>\n",
       "</table>\n",
       "</div>"
      ],
      "text/plain": [
       "                  price  bedrooms  bathrooms  sqft_living  sqft_lot    floors  \\\n",
       "price          1.000000  0.308787   0.525906     0.701917  0.089876  0.256804   \n",
       "bedrooms       0.308787  1.000000   0.514508     0.578212  0.032471  0.177944   \n",
       "bathrooms      0.525906  0.514508   1.000000     0.755758  0.088373  0.502582   \n",
       "sqft_living    0.701917  0.578212   0.755758     1.000000  0.173453  0.353953   \n",
       "sqft_lot       0.089876  0.032471   0.088373     0.173453  1.000000 -0.004814   \n",
       "floors         0.256804  0.177944   0.502582     0.353953 -0.004814  1.000000   \n",
       "condition      0.036056  0.026496  -0.126479    -0.059445 -0.008830 -0.264075   \n",
       "grade          0.667951  0.356563   0.665838     0.762779  0.114731  0.458794   \n",
       "sqft_above     0.605368  0.479386   0.686668     0.876448  0.184139  0.523989   \n",
       "yr_built       0.053953  0.155670   0.507173     0.318152  0.052946  0.489193   \n",
       "zipcode       -0.053402 -0.154092  -0.204786    -0.199802 -0.129586 -0.059541   \n",
       "sqft_living15  0.585241  0.393406   0.569884     0.756402  0.144763  0.280102   \n",
       "sqft_lot15     0.082845  0.030690   0.088303     0.184342  0.718204 -0.010722   \n",
       "\n",
       "               condition     grade  sqft_above  yr_built   zipcode  \\\n",
       "price           0.036056  0.667951    0.605368  0.053953 -0.053402   \n",
       "bedrooms        0.026496  0.356563    0.479386  0.155670 -0.154092   \n",
       "bathrooms      -0.126479  0.665838    0.686668  0.507173 -0.204786   \n",
       "sqft_living    -0.059445  0.762779    0.876448  0.318152 -0.199802   \n",
       "sqft_lot       -0.008830  0.114731    0.184139  0.052946 -0.129586   \n",
       "floors         -0.264075  0.458794    0.523989  0.489193 -0.059541   \n",
       "condition       1.000000 -0.146896   -0.158904 -0.361592  0.002888   \n",
       "grade          -0.146896  1.000000    0.756073  0.447865 -0.185771   \n",
       "sqft_above     -0.158904  0.756073    1.000000  0.424037 -0.261570   \n",
       "yr_built       -0.361592  0.447865    0.424037  1.000000 -0.347210   \n",
       "zipcode         0.002888 -0.185771   -0.261570 -0.347210  1.000000   \n",
       "sqft_living15  -0.093072  0.713867    0.731767  0.326377 -0.279299   \n",
       "sqft_lot15     -0.003126  0.120981    0.195077  0.070777 -0.147294   \n",
       "\n",
       "               sqft_living15  sqft_lot15  \n",
       "price               0.585241    0.082845  \n",
       "bedrooms            0.393406    0.030690  \n",
       "bathrooms           0.569884    0.088303  \n",
       "sqft_living         0.756402    0.184342  \n",
       "sqft_lot            0.144763    0.718204  \n",
       "floors              0.280102   -0.010722  \n",
       "condition          -0.093072   -0.003126  \n",
       "grade               0.713867    0.120981  \n",
       "sqft_above          0.731767    0.195077  \n",
       "yr_built            0.326377    0.070777  \n",
       "zipcode            -0.279299   -0.147294  \n",
       "sqft_living15       1.000000    0.183515  \n",
       "sqft_lot15          0.183515    1.000000  "
      ]
     },
     "execution_count": 49,
     "metadata": {},
     "output_type": "execute_result"
    }
   ],
   "source": [
    "df.corr()"
   ]
  },
  {
   "cell_type": "markdown",
   "metadata": {},
   "source": [
    "Dropped 'sqft_above', 'bathrooms', 'grade', 'sqft_living15' for colinearity with 'sqft_living' [used a .75 threshhold]."
   ]
  },
  {
   "cell_type": "code",
   "execution_count": 113,
   "metadata": {},
   "outputs": [],
   "source": [
    "df_dropped = df.drop(columns=['sqft_above', 'sqft_living15', 'bathrooms', 'grade'], axis=1)"
   ]
  },
  {
   "cell_type": "code",
   "execution_count": 114,
   "metadata": {},
   "outputs": [
    {
     "data": {
      "text/html": [
       "<div>\n",
       "<style scoped>\n",
       "    .dataframe tbody tr th:only-of-type {\n",
       "        vertical-align: middle;\n",
       "    }\n",
       "\n",
       "    .dataframe tbody tr th {\n",
       "        vertical-align: top;\n",
       "    }\n",
       "\n",
       "    .dataframe thead th {\n",
       "        text-align: right;\n",
       "    }\n",
       "</style>\n",
       "<table border=\"1\" class=\"dataframe\">\n",
       "  <thead>\n",
       "    <tr style=\"text-align: right;\">\n",
       "      <th></th>\n",
       "      <th>price</th>\n",
       "      <th>bedrooms</th>\n",
       "      <th>sqft_living</th>\n",
       "      <th>sqft_lot</th>\n",
       "      <th>floors</th>\n",
       "      <th>condition</th>\n",
       "      <th>yr_built</th>\n",
       "      <th>zipcode</th>\n",
       "      <th>sqft_lot15</th>\n",
       "    </tr>\n",
       "  </thead>\n",
       "  <tbody>\n",
       "    <tr>\n",
       "      <th>price</th>\n",
       "      <td>1.000000</td>\n",
       "      <td>0.308787</td>\n",
       "      <td>0.701917</td>\n",
       "      <td>0.089876</td>\n",
       "      <td>0.256804</td>\n",
       "      <td>0.036056</td>\n",
       "      <td>0.053953</td>\n",
       "      <td>-0.053402</td>\n",
       "      <td>0.082845</td>\n",
       "    </tr>\n",
       "    <tr>\n",
       "      <th>bedrooms</th>\n",
       "      <td>0.308787</td>\n",
       "      <td>1.000000</td>\n",
       "      <td>0.578212</td>\n",
       "      <td>0.032471</td>\n",
       "      <td>0.177944</td>\n",
       "      <td>0.026496</td>\n",
       "      <td>0.155670</td>\n",
       "      <td>-0.154092</td>\n",
       "      <td>0.030690</td>\n",
       "    </tr>\n",
       "    <tr>\n",
       "      <th>sqft_living</th>\n",
       "      <td>0.701917</td>\n",
       "      <td>0.578212</td>\n",
       "      <td>1.000000</td>\n",
       "      <td>0.173453</td>\n",
       "      <td>0.353953</td>\n",
       "      <td>-0.059445</td>\n",
       "      <td>0.318152</td>\n",
       "      <td>-0.199802</td>\n",
       "      <td>0.184342</td>\n",
       "    </tr>\n",
       "    <tr>\n",
       "      <th>sqft_lot</th>\n",
       "      <td>0.089876</td>\n",
       "      <td>0.032471</td>\n",
       "      <td>0.173453</td>\n",
       "      <td>1.000000</td>\n",
       "      <td>-0.004814</td>\n",
       "      <td>-0.008830</td>\n",
       "      <td>0.052946</td>\n",
       "      <td>-0.129586</td>\n",
       "      <td>0.718204</td>\n",
       "    </tr>\n",
       "    <tr>\n",
       "      <th>floors</th>\n",
       "      <td>0.256804</td>\n",
       "      <td>0.177944</td>\n",
       "      <td>0.353953</td>\n",
       "      <td>-0.004814</td>\n",
       "      <td>1.000000</td>\n",
       "      <td>-0.264075</td>\n",
       "      <td>0.489193</td>\n",
       "      <td>-0.059541</td>\n",
       "      <td>-0.010722</td>\n",
       "    </tr>\n",
       "    <tr>\n",
       "      <th>condition</th>\n",
       "      <td>0.036056</td>\n",
       "      <td>0.026496</td>\n",
       "      <td>-0.059445</td>\n",
       "      <td>-0.008830</td>\n",
       "      <td>-0.264075</td>\n",
       "      <td>1.000000</td>\n",
       "      <td>-0.361592</td>\n",
       "      <td>0.002888</td>\n",
       "      <td>-0.003126</td>\n",
       "    </tr>\n",
       "    <tr>\n",
       "      <th>yr_built</th>\n",
       "      <td>0.053953</td>\n",
       "      <td>0.155670</td>\n",
       "      <td>0.318152</td>\n",
       "      <td>0.052946</td>\n",
       "      <td>0.489193</td>\n",
       "      <td>-0.361592</td>\n",
       "      <td>1.000000</td>\n",
       "      <td>-0.347210</td>\n",
       "      <td>0.070777</td>\n",
       "    </tr>\n",
       "    <tr>\n",
       "      <th>zipcode</th>\n",
       "      <td>-0.053402</td>\n",
       "      <td>-0.154092</td>\n",
       "      <td>-0.199802</td>\n",
       "      <td>-0.129586</td>\n",
       "      <td>-0.059541</td>\n",
       "      <td>0.002888</td>\n",
       "      <td>-0.347210</td>\n",
       "      <td>1.000000</td>\n",
       "      <td>-0.147294</td>\n",
       "    </tr>\n",
       "    <tr>\n",
       "      <th>sqft_lot15</th>\n",
       "      <td>0.082845</td>\n",
       "      <td>0.030690</td>\n",
       "      <td>0.184342</td>\n",
       "      <td>0.718204</td>\n",
       "      <td>-0.010722</td>\n",
       "      <td>-0.003126</td>\n",
       "      <td>0.070777</td>\n",
       "      <td>-0.147294</td>\n",
       "      <td>1.000000</td>\n",
       "    </tr>\n",
       "  </tbody>\n",
       "</table>\n",
       "</div>"
      ],
      "text/plain": [
       "                price  bedrooms  sqft_living  sqft_lot    floors  condition  \\\n",
       "price        1.000000  0.308787     0.701917  0.089876  0.256804   0.036056   \n",
       "bedrooms     0.308787  1.000000     0.578212  0.032471  0.177944   0.026496   \n",
       "sqft_living  0.701917  0.578212     1.000000  0.173453  0.353953  -0.059445   \n",
       "sqft_lot     0.089876  0.032471     0.173453  1.000000 -0.004814  -0.008830   \n",
       "floors       0.256804  0.177944     0.353953 -0.004814  1.000000  -0.264075   \n",
       "condition    0.036056  0.026496    -0.059445 -0.008830 -0.264075   1.000000   \n",
       "yr_built     0.053953  0.155670     0.318152  0.052946  0.489193  -0.361592   \n",
       "zipcode     -0.053402 -0.154092    -0.199802 -0.129586 -0.059541   0.002888   \n",
       "sqft_lot15   0.082845  0.030690     0.184342  0.718204 -0.010722  -0.003126   \n",
       "\n",
       "             yr_built   zipcode  sqft_lot15  \n",
       "price        0.053953 -0.053402    0.082845  \n",
       "bedrooms     0.155670 -0.154092    0.030690  \n",
       "sqft_living  0.318152 -0.199802    0.184342  \n",
       "sqft_lot     0.052946 -0.129586    0.718204  \n",
       "floors       0.489193 -0.059541   -0.010722  \n",
       "condition   -0.361592  0.002888   -0.003126  \n",
       "yr_built     1.000000 -0.347210    0.070777  \n",
       "zipcode     -0.347210  1.000000   -0.147294  \n",
       "sqft_lot15   0.070777 -0.147294    1.000000  "
      ]
     },
     "execution_count": 114,
     "metadata": {},
     "output_type": "execute_result"
    }
   ],
   "source": [
    "df_dropped.corr()"
   ]
  },
  {
   "cell_type": "markdown",
   "metadata": {},
   "source": [
    "Dropped a handful of outliers for different independent variables."
   ]
  },
  {
   "cell_type": "code",
   "execution_count": 115,
   "metadata": {},
   "outputs": [
    {
     "data": {
      "text/plain": [
       "(21587, 9)"
      ]
     },
     "execution_count": 115,
     "metadata": {},
     "output_type": "execute_result"
    }
   ],
   "source": [
    "indexNames = df_dropped[df_dropped['sqft_living'] >= 8000].index\n",
    "df_dropped.drop(indexNames, inplace=True)\n",
    "df_dropped.shape"
   ]
  },
  {
   "cell_type": "code",
   "execution_count": 116,
   "metadata": {},
   "outputs": [
    {
     "data": {
      "text/plain": [
       "(21576, 9)"
      ]
     },
     "execution_count": 116,
     "metadata": {},
     "output_type": "execute_result"
    }
   ],
   "source": [
    "indexNames2 = df_dropped[df_dropped['bedrooms'] >= 9].index\n",
    "df_dropped.drop(indexNames2, inplace=True)\n",
    "df_dropped.shape"
   ]
  },
  {
   "cell_type": "code",
   "execution_count": 117,
   "metadata": {},
   "outputs": [
    {
     "data": {
      "text/plain": [
       "(21572, 9)"
      ]
     },
     "execution_count": 117,
     "metadata": {},
     "output_type": "execute_result"
    }
   ],
   "source": [
    "indexNames3 = df_dropped[df_dropped['sqft_lot'] > 1000000].index\n",
    "df_dropped.drop(indexNames3, inplace=True)\n",
    "df_dropped.shape"
   ]
  },
  {
   "cell_type": "code",
   "execution_count": 118,
   "metadata": {},
   "outputs": [
    {
     "data": {
      "text/plain": [
       "(21565, 9)"
      ]
     },
     "execution_count": 118,
     "metadata": {},
     "output_type": "execute_result"
    }
   ],
   "source": [
    "indexNames4 = df_dropped[df_dropped['floors'] > 3.0].index\n",
    "df_dropped.drop(indexNames4, inplace=True)\n",
    "df_dropped.shape"
   ]
  },
  {
   "cell_type": "code",
   "execution_count": 119,
   "metadata": {},
   "outputs": [
    {
     "data": {
      "text/plain": [
       "(21562, 9)"
      ]
     },
     "execution_count": 119,
     "metadata": {},
     "output_type": "execute_result"
    }
   ],
   "source": [
    "indexNames5 = df_dropped[df_dropped['sqft_lot'] > 900000].index\n",
    "df_dropped.drop(indexNames5, inplace=True)\n",
    "df_dropped.shape"
   ]
  },
  {
   "cell_type": "code",
   "execution_count": 120,
   "metadata": {},
   "outputs": [
    {
     "data": {
      "text/html": [
       "<div>\n",
       "<style scoped>\n",
       "    .dataframe tbody tr th:only-of-type {\n",
       "        vertical-align: middle;\n",
       "    }\n",
       "\n",
       "    .dataframe tbody tr th {\n",
       "        vertical-align: top;\n",
       "    }\n",
       "\n",
       "    .dataframe thead th {\n",
       "        text-align: right;\n",
       "    }\n",
       "</style>\n",
       "<table border=\"1\" class=\"dataframe\">\n",
       "  <thead>\n",
       "    <tr style=\"text-align: right;\">\n",
       "      <th></th>\n",
       "      <th>price</th>\n",
       "      <th>bedrooms</th>\n",
       "      <th>sqft_living</th>\n",
       "      <th>sqft_lot</th>\n",
       "      <th>floors</th>\n",
       "      <th>condition</th>\n",
       "      <th>yr_built</th>\n",
       "      <th>zipcode</th>\n",
       "      <th>sqft_lot15</th>\n",
       "    </tr>\n",
       "  </thead>\n",
       "  <tbody>\n",
       "    <tr>\n",
       "      <th>price</th>\n",
       "      <td>1.000000</td>\n",
       "      <td>0.317039</td>\n",
       "      <td>0.693629</td>\n",
       "      <td>0.095361</td>\n",
       "      <td>0.261577</td>\n",
       "      <td>0.039407</td>\n",
       "      <td>0.056624</td>\n",
       "      <td>-0.052356</td>\n",
       "      <td>0.079992</td>\n",
       "    </tr>\n",
       "    <tr>\n",
       "      <th>bedrooms</th>\n",
       "      <td>0.317039</td>\n",
       "      <td>1.000000</td>\n",
       "      <td>0.595942</td>\n",
       "      <td>0.038001</td>\n",
       "      <td>0.182350</td>\n",
       "      <td>0.024006</td>\n",
       "      <td>0.167220</td>\n",
       "      <td>-0.160872</td>\n",
       "      <td>0.031960</td>\n",
       "    </tr>\n",
       "    <tr>\n",
       "      <th>sqft_living</th>\n",
       "      <td>0.693629</td>\n",
       "      <td>0.595942</td>\n",
       "      <td>1.000000</td>\n",
       "      <td>0.191165</td>\n",
       "      <td>0.355846</td>\n",
       "      <td>-0.059430</td>\n",
       "      <td>0.324974</td>\n",
       "      <td>-0.202028</td>\n",
       "      <td>0.183064</td>\n",
       "    </tr>\n",
       "    <tr>\n",
       "      <th>sqft_lot</th>\n",
       "      <td>0.095361</td>\n",
       "      <td>0.038001</td>\n",
       "      <td>0.191165</td>\n",
       "      <td>1.000000</td>\n",
       "      <td>-0.005386</td>\n",
       "      <td>-0.008781</td>\n",
       "      <td>0.063417</td>\n",
       "      <td>-0.140255</td>\n",
       "      <td>0.776422</td>\n",
       "    </tr>\n",
       "    <tr>\n",
       "      <th>floors</th>\n",
       "      <td>0.261577</td>\n",
       "      <td>0.182350</td>\n",
       "      <td>0.355846</td>\n",
       "      <td>-0.005386</td>\n",
       "      <td>1.000000</td>\n",
       "      <td>-0.264484</td>\n",
       "      <td>0.491000</td>\n",
       "      <td>-0.060556</td>\n",
       "      <td>-0.011509</td>\n",
       "    </tr>\n",
       "    <tr>\n",
       "      <th>condition</th>\n",
       "      <td>0.039407</td>\n",
       "      <td>0.024006</td>\n",
       "      <td>-0.059430</td>\n",
       "      <td>-0.008781</td>\n",
       "      <td>-0.264484</td>\n",
       "      <td>1.000000</td>\n",
       "      <td>-0.361636</td>\n",
       "      <td>0.002753</td>\n",
       "      <td>-0.003224</td>\n",
       "    </tr>\n",
       "    <tr>\n",
       "      <th>yr_built</th>\n",
       "      <td>0.056624</td>\n",
       "      <td>0.167220</td>\n",
       "      <td>0.324974</td>\n",
       "      <td>0.063417</td>\n",
       "      <td>0.491000</td>\n",
       "      <td>-0.361636</td>\n",
       "      <td>1.000000</td>\n",
       "      <td>-0.347593</td>\n",
       "      <td>0.071668</td>\n",
       "    </tr>\n",
       "    <tr>\n",
       "      <th>zipcode</th>\n",
       "      <td>-0.052356</td>\n",
       "      <td>-0.160872</td>\n",
       "      <td>-0.202028</td>\n",
       "      <td>-0.140255</td>\n",
       "      <td>-0.060556</td>\n",
       "      <td>0.002753</td>\n",
       "      <td>-0.347593</td>\n",
       "      <td>1.000000</td>\n",
       "      <td>-0.147876</td>\n",
       "    </tr>\n",
       "    <tr>\n",
       "      <th>sqft_lot15</th>\n",
       "      <td>0.079992</td>\n",
       "      <td>0.031960</td>\n",
       "      <td>0.183064</td>\n",
       "      <td>0.776422</td>\n",
       "      <td>-0.011509</td>\n",
       "      <td>-0.003224</td>\n",
       "      <td>0.071668</td>\n",
       "      <td>-0.147876</td>\n",
       "      <td>1.000000</td>\n",
       "    </tr>\n",
       "  </tbody>\n",
       "</table>\n",
       "</div>"
      ],
      "text/plain": [
       "                price  bedrooms  sqft_living  sqft_lot    floors  condition  \\\n",
       "price        1.000000  0.317039     0.693629  0.095361  0.261577   0.039407   \n",
       "bedrooms     0.317039  1.000000     0.595942  0.038001  0.182350   0.024006   \n",
       "sqft_living  0.693629  0.595942     1.000000  0.191165  0.355846  -0.059430   \n",
       "sqft_lot     0.095361  0.038001     0.191165  1.000000 -0.005386  -0.008781   \n",
       "floors       0.261577  0.182350     0.355846 -0.005386  1.000000  -0.264484   \n",
       "condition    0.039407  0.024006    -0.059430 -0.008781 -0.264484   1.000000   \n",
       "yr_built     0.056624  0.167220     0.324974  0.063417  0.491000  -0.361636   \n",
       "zipcode     -0.052356 -0.160872    -0.202028 -0.140255 -0.060556   0.002753   \n",
       "sqft_lot15   0.079992  0.031960     0.183064  0.776422 -0.011509  -0.003224   \n",
       "\n",
       "             yr_built   zipcode  sqft_lot15  \n",
       "price        0.056624 -0.052356    0.079992  \n",
       "bedrooms     0.167220 -0.160872    0.031960  \n",
       "sqft_living  0.324974 -0.202028    0.183064  \n",
       "sqft_lot     0.063417 -0.140255    0.776422  \n",
       "floors       0.491000 -0.060556   -0.011509  \n",
       "condition   -0.361636  0.002753   -0.003224  \n",
       "yr_built     1.000000 -0.347593    0.071668  \n",
       "zipcode     -0.347593  1.000000   -0.147876  \n",
       "sqft_lot15   0.071668 -0.147876    1.000000  "
      ]
     },
     "execution_count": 120,
     "metadata": {},
     "output_type": "execute_result"
    }
   ],
   "source": [
    "df_dropped.corr()"
   ]
  },
  {
   "cell_type": "markdown",
   "metadata": {},
   "source": [
    "Dropped 'sqft_lot15' because of colinearity concerns with 'sqft_lot'."
   ]
  },
  {
   "cell_type": "code",
